18.3333 4.66667 16 20.6667 26 13.6667
10.6667 17.3333 31.3333 3.66667 5.66667 27.6667
27.6667 4.33333 20.3333 23 14.6667 13
25.6667 11.3333 11.3333 0.666667 31 8
8.33333 9.33333 16.3333 30.6667 1 2.66667
14.6667 29 21 20.6667 7.66667 32.6667
30 6.66667 2 26.3333 10.6667 10
24.3333 30.3333 13.6667 12 0 31
21 32 5.66667 18.6667 10 27
12.3333 18.6667 11.6667 30 23 11.6667
10.6667 18 29 20.3333 27 33
7 25.6667 15.6667 18 33 12
31 2.33333 28.3333 4 22.3333 5.33333
21.6667 17.6667 9 19.6667 32.6667 31.3333
7.66667 2.33333 19.6667 6.33333 25 4.33333
15.6667 22.6667 26.3333 27.6667 27 28.6667
17 16.3333 28 32 23.6667 31.3333
7.66667 33 3 5.66667 18.3333 23.3333
16.3333 26.3333 20.6667 17 2 32
18.6667 5.33333 17 6 3.66667 7.66667
32.6667 0 26 26.6667 25 17.6667
25.6667 10 19.3333 13.6667 28.6667 5.66667
31 13.3333 20.6667 12.3333 30.6667 6.66667
10 28.6667 21 15 23.3333 33
0.666667 21 29.6667 13.6667 31.6667 28
25.6667 3.33333 29 8 0.666667 28.6667
14.3333 5.66667 27.3333 7 17.3333 4
11 21.6667 32.6667 12.6667 6.33333 3.33333
17.3333 5.66667 22.6667 8.66667 20.3333 1.66667
13 31.3333 13.3333 33 16 6.66667
19.3333 26.3333 26.3333 23 23.6667 21.3333
2 4 32.3333 1.33333 5.33333 32.6667
26.3333 0 13.3333 27.6667 16.3333 21.6667
17 4.33333 9.66667 28 20.6667 9.66667
20 11.3333 4 0.333333 4 10.6667
12 30.6667 5 14.6667 27.3333 20
2 3.33333 24 7.33333 20.6667 20.6667
23 32.6667 1 11.3333 5.33333 20.3333
7 8.33333 0.666667 8 31 15
27.3333 6 0.666667 26.3333 17 24.3333
31 19 25 17.3333 25.6667 9
3.33333 20.3333 31 26.3333 24.6667 22.3333
2 15 31.3333 22.3333 22.6667 21
0.666667 18 2.66667 10.6667 28.6667 16.3333
20 17.3333 7.33333 0.333333 6.33333 24.3333
26 23.3333 29 29 13 28.6667
0 22 29.6667 20.3333 9.33333 14
28.3333 12 27 15 16.3333 26.6667
32 10.3333 27.3333 10.6667 29.3333 5
23.3333 31.6667 1 17.6667 10.3333 16
