0.5608872146215684
0.9825988785348323
0.20559267073262244
0.7745866505386885
0.1510032434363653
0.9646897187718505
0.13963535726021836
0.4380823987348398
0.6567704477632832
0.057168349545518304
0.8019706876629655
0.4336261659200825
0.3241104239558321
0.9292254111110747
0.5794286620123232
0.6757596531398059
0.912814205183966
0.22050058983997867
0.8729841315138156
0.22702645688910883
0.5667886109027496
0.6733312235511913
0.6857677285571467
0.5345616755909868
0.04136783327299309
0.7849660876690312
0.3852761881769866
0.1585641135043585
0.8749463365470586
0.9582274392438521
0.609840424809881
0.8374418928603155
0.7049009014209223
0.5397211841705027
0.23458185764157158
0.15647291730428603
0.32596285080769627
0.7303636542763111
0.3878625279782857
0.22489737639427188
0.7077961480665015
0.28036403440941604
0.6660236889230029
0.03337255283308793
0.6177558277839781
0.020034201698967413
0.4356152224835562
0.5952042911472495
0.5893995796760708
0.3209502821586949
0.2799950538096202
0.30078925888167696
0.19182469402556723
0.16969056544954386
0.09506535863145471
0.320709065260275
0.6275562221347251
0.05524885747454511
0.8680027301113001
0.76934868058074
0.14028561112920168
0.19422085740445172
0.7438936529130213
0.3665739914266529
0.4437469170081504
0.3183730479874177
0.5616717058317785
0.7149729782154869
0.7894734235890014
0.629502112986236
0.08775316775303388
0.7696321085038103
0.10222811896733464
0.20565636578975777
0.25863876886772197
0.7171015767456399
0.3466554408430703
0.004168315077055951
0.5007663594770047
0.1778126216889555
0.485607501126502
0.43805876474021044
0.6598787736872965
0.15348648610639815
0.31127305051845944
0.362862689487115
0.5664844269776537
0.07862433295442794
0.9312312695192607
0.058818500179323885
0.6670599336286681
0.32854538074354755
0.4946460636763642
0.8514689339595648
0.6767999140317236
0.9183401734951345
0.859477864105543
0.3595955709580533
0.5291879585253259
0.26112916275333853